$ANSIBLE_VAULT;1.1;AES256
31313465323832336233623363346165383365376566636264376161623361313664623234303065
3062393165333763643630613365333165343130336638300a346163323837616636343430333266
39373139653061343966653534643463333231633834303563666432333032663534616638656131
3933343538383530350a363436663132366565326336333637613962613636383738303765336632
30353038323961666430313934663130616335636331323233366532383534643234363563313438
39663034323466656238393963326139353864663838666562333936373939303638336465653836
62653666333835316338373633383130656132653735643236336163303762643061353563636461
32383138333932343235383233613831396366393837336565326231363837323034343333376239
61663039636262626364306462613265653836303265626630653833346535363936306162386534
62613762363739376134343536653862356334353261623431646332383638393662366638616561
36353037633235366232336530623533323466306431616265343362323533373561386333396138
33663333303230303530393635343164323138333737626233373665323562353965316532643432
36356162613761643937366663383637313931666337616566383132343464373764313766633237
66653032633363633134656562356534376434356233386239333935316635343733306638653761
35353161363034346133353965316436313633306131623530306237356639666337363337306663
37363362646261373231303534353739623830386662636361666639356265373733646630623237
34373839393536613665306238653961633161313033653037353130303866613138383739393061
35306336333436623339393330643238333862376165366630396236623437666439393530666435
38373935636562353339396531616666666462613233376562333463633837626137336230313265
64343036316233613430336431346265323865383139666239303835306434333531396436316461
35666265363364656461356165636231306364636564633834343836306230313261663437346134
64666539343531353639663839386331346535653236386139663137656635643638333937316462
38656632343865356332353438363837323763616636643266636662633263636364653030626632
37303236316665646437666562626361306366333662633035326435333437613831613633633264
35616263666261616634366662373666343733663036613730626262373564393866346436383235
35333730306638383135343130386661336632633031396336333431373032393736656663633636
65663035613666653163646635343132386439353731363432333266393161373864353961333265
37646232366639356565376236396265663235313063333465303232383866653963383536613038
66666530343836636264316363346438343738396139653965303035353330326466346130623139
31663463653862343463336631313762353863663439313732323165316635373436636661393161
32343937313836323061613537356464363532626362316462663463616136323231613836323963
32663562393136633339363033336465626365313035656136383666316462333464396432396539
35643836336235393862386637616132393235623632656332623731343563306232373533666430
34306165383339343462373337366165336237356461643265613535666262326332386164353862
66393235323136393763613865336335343737636538613239636131653432616138303035623362
64393863376465396134643134656665393734613237613439333237646238636438636364626663
64383332643166626132313238336430626334633138396639343861616564386464373634353961
64363462383965666162636438346161646365633536663938313463656131333730313566393166
36356233343033313431353165373536623238316364363933633538376365666661393733623332
63393137623833386465643430616439383634623164623637373066613134313666323139656265
61623330303030646663633261656232303364373539386463366233633136326365633033396332
61613037326234343662666664646431356137643038663432376662346533323631356439316333
32636632623939303536346132633339323366306531303062616137663437346335633238323035
30326635643339643731633136396165303235363536666638396166353333323931393037626365
38323866343837326666363164616161663830623764613033393634666436346335336236306564
32373562383934396335623533663938663331383438623533646434666262316236366534653764
64656463616233343239306530616564316563323963653430343933326262366435323034373962
39653663623465383065373639383236313430653738633636376664666562366665333731633739
63313564383833346566623833383064393632613265616231663330303861346331386536333939
64376464373635366562303537323962323565373533343666316137333861343236643937616138
35303939633739313231623034353831346237633639396262633537633265666164633139393066
33373966613139646266303565316633643764326331393238346230333137663830626465353663
37636435623632393131393032353730393636333632663839316139326263313763636239383537
63646262663130356266383930306336623932363231376565303534303035316366653135646630
65613835623534366138386663323339303236616630396335356638343030626134643534326335
66393866626334623732323631653162323233396564363863623335633164316665623764646139
65383463656138616433383330646433626236633939376464663563336532363531326232326566
38326330343734306436383034333662653933333466393938306537626335343861323037656239
65326361643430636561346532383836636565346239313039646436393630616565336465656239
65363434346363633137636564643632313661393163316664333330643439633633363264656361
32333863393064373132623666663233353539376465373331356631323862383736306365643730
36323936623562313166303763636163383633633932383466623938356433363332653739666631
34366435633330393165326638643461366566306239613061636262333064323830616434626135
34303261373333643937313430626338363531623337346565313633363163633164323630323539
35363132323562623066333765316563326236376430333761373866386665616361646563373532
65343364343432626639393439383565393434316633316163633330326439383062613666636234
30626239303236656535353431336235636437363231393532393939393135653731633437393866
35326539313838393233353064363234373264363533666130373665656335353537666164643966
36336435326264366561393863343265373466393965343534326435373266333133616363333964
34396561613834306530363633353338306234653930616435393762663038353064363134366236
62363561313634663937343536643035633635313830323833663564316535366433353437616532
35313561356633396361386663643334626365383331366266636166316131666332616438613766
38663734663539303931643135383164346331303238653333373965326339626538393733363032
61396536376233353737636430303430363538316330346562643439303530653233343362646532
39396137353339626362383563613037376637313361303364633835393537323836643035303432
61626464356435646162333534386462613638626336323333343236396332333131336465376135
35386630393837616535393336626432346430363364373136666231356161653239386531353261
61656630613161336232343665363434353363336561363866643837353561623935636236313939
61626339326538626265343432363430306634626637653934323436663033333138646363343133
38393537383633613838396635323836653662653162383339343062316631363662353730353332
36313338306632306433373736653337336261333337646131363539326531636135613837613633
32303363363532643537663335383864366261633131653164366335333135323164643266333137
30663466613461373736633466356533336261393135656639646638636235636262383730636633
37393033363462313335356139383462313166626237623433333639396438633738656331323061
30373366343432646563613538336431313062316631353866653430643331376264636330303236
34313564653961663161336632393738653437646234663761326266376231316431363165356133
38643935613135626462346661303665623232373539313537636638626161383939343563363233
32346263333266306537323037643437313435343763363638393932346530663938393232656631
32633662633338316364663263396535623636643761626261336166313936646461346138353934
33396534633736613362633735396435396330346563633634333633323564633465303439333537
30666336616162616664646132393666646137336161303632653462343933613034346538363939
61393035663938373738373530386631353738326561663566326263653731336437613361326561
61363266376563643537383861633533623933323666333633663864653730336432313636623462
30643263666230353138316439373837616331636461636666613864336264343139636437383161
61303065323435366239356636336233313838303433333039363732636637616665393037656430
36313364626661623066353235623639336261646330656563326236663432663630323031633433
33643262623866393362306566373964383039666435363230336666343830396262613232393334
38663363653733396131323562626661396138346430633331643239373637346239313637646261
32393963303930356634613562363031346164383239383564663132306663333063396532643062
35363834643763336332366337613961346237646233663937383132646261356638306138373333
32633033383563363066616238626436613430353139646336343662303565386630396331613863
35633964333230646539343132303838306137633636373635653766643566356130373266393861
36656634373133323036626163646662356538306630666335333361346563646365643735663561
37366236656666343330383663646439326333336639313931353130393362386539303763393335
30313535383530646666346139663262356165326332353933393065376361313635653563376664
32356139373139643537396538613266316466363039373863323537643065316335663863623531
35643138393933393136316164346237616665343935656230326137633631356230366332656265
63333263383836613461373639343234323365306533353834643339666535396465656662363139
31366563653131663638393365316334616436316231333365363962323862346562643636656565
35626533323564386239643961343465363631333266643634626266353038373633363232396562
31383464343761613333353232326666383763303561623364393936303433376566633131353865
63326238313236346261326564366366656664393938333362343666396634643164366461323661
39306530303038333334396231643235646633353833353463353338336533643164646661356264
3066353331323536363361383933366637313036386337663732
