$ANSIBLE_VAULT;1.1;AES256
32333333393533366534346266393035313839636561326539306533303237616137323632356538
3565643139393465633035343831613134626165383164330a613339653364316262643562353538
33373262386436313138623562373139386339346666346531616332303030663736653633316464
3837353338623764340a396564393736383365373265333135623866353461353837356235623365
63326430363733313038653865663437363366343963336130343263333231356662363063616362
63663463626536623638386530626165386136616433396361383834323264323461323563666239
39383335623038353361613865643464383639303766363261393364626532653764333563303862
35386633373764633866326364363333313332613664323333306532636430616637373063393461
38333061333935383062653962383763326236666236376463663434366531353031613330333838
38656266366463313863623932323239663134643566313837643065636435343234313435633336
64663033656332343733306363306261313161643365623232333066646131616538333539376462
32353333353962653065653266613336653761623834303038663534643161613661356431653332
36633837636262336533646230326463643937646664306435623432623037313930636565333032
31383962306166353631353364636539376166353138643533303265373937666265393831393538
64376165363737383065386436633036636662393162613931626165656531383262363432653033
65333766356636326634333239306233336166653965636537323665626561306130353732343761
66376132373566313233666630616264303235646564303765636333386261363938663136653266
38636461393761383561303564633732393362353432633730323939353434373065353836333063
37636135346361646634353762636366663766613233326534633863393564356164386131333835
31663730666237333131333933633337663766353337303561303935323335636562373135366332
6139
